1 0.058750 0.481273 0.092500 0.138577
1 0.086250 0.119850 0.067500 0.097378
0 0.145000 0.088015 0.055000 0.093633
0 0.308750 0.043071 0.057500 0.086142
1 0.227500 0.114232 0.070000 0.108614
1 0.262500 0.280899 0.045000 0.074906
1 0.215000 0.475655 0.085000 0.127341
1 0.156250 0.638577 0.107500 0.108614
0 0.210000 0.874532 0.130000 0.220974
1 0.357500 0.657303 0.140000 0.161049
1 0.323750 0.376404 0.092500 0.123596
1 0.343750 0.134831 0.072500 0.074906
1 0.437500 0.149813 0.065000 0.089888
0 0.498750 0.112360 0.072500 0.097378
0 0.487500 0.348315 0.090000 0.127341
1 0.568750 0.260300 0.062500 0.101124
1 0.628750 0.110487 0.077500 0.116105
1 0.733750 0.106742 0.067500 0.078652
1 0.743750 0.265918 0.062500 0.089888
0 0.680000 0.425094 0.100000 0.153558
1 0.633750 0.662921 0.092500 0.127341
0 0.752500 0.794008 0.100000 0.142322
0 0.827500 0.496255 0.090000 0.138577
1 0.865000 0.144195 0.060000 0.093633
1 0.975000 0.086142 0.050000 0.074906
0 0.923750 0.314607 0.072500 0.097378
