2 0.122500 0.531835 0.135000 0.217228
0 0.431250 0.685393 0.132500 0.202247
0 0.536250 0.792135 0.072500 0.161049
0 0.667500 0.818352 0.125000 0.205993
0 0.816250 0.756554 0.092500 0.157303
0 0.653750 0.460674 0.067500 0.119850
0 0.720000 0.421348 0.070000 0.108614
0 0.508750 0.376404 0.047500 0.086142
0 0.561250 0.323970 0.057500 0.086142
0 0.596250 0.215356 0.037500 0.063670
0 0.681250 0.194757 0.037500 0.059925
0 0.533750 0.202247 0.037500 0.059925
0 0.580000 0.153558 0.030000 0.044944
0 0.647500 0.142322 0.035000 0.044944
0 0.740000 0.131086 0.035000 0.037453
0 0.915000 0.131086 0.025000 0.029963
